# Node	Node_Capacity	Initial
564	806	164
558	806	164
552	54	11
557	74	15
505	44	9
548	54	11
544	31	6
540	49	10
500	57	12
503	68	14
531	56	11
516	42	9
507	124	25
517	78	16
519	87	18
526	30	6
D1
D2
D3
# origin	destination	capacity	time
564	558	4	30
558	552	4	35
548	552	4	38
552	557	8	16
548	544	8	24
544	540	6	20
540	D1	4	16
557	D2	4	12
500	D1	4	7
505	D2	4	10
503	505	4	20
503	500	4	20
500	D3	2	20
507	505	4	33
517	507	12	29
517	516	4	19
516	531	4	25
531	D3	2	16
519	517	4	38
519	526	6	25
526	531	8	28
